                   0 x |  x  x =  x
                  10 0 |  0  0 =  0
                  20 0 |  0  1 =  1
                  30 0 |  0  2 =  2
                  40 0 |  0  3 =  3
                  50 0 |  0  4 =  4
                  60 0 |  0  5 =  5
                  70 0 |  0  6 =  6
                  80 0 |  0  7 =  7
                  90 0 |  0  8 =  8
                 100 0 |  0  9 =  9
                 110 0 |  0 10 = 10
                 120 0 |  0 11 = 11
                 130 0 |  0 12 = 12
                 140 0 |  0 13 = 13
                 150 0 |  0 14 = 14
                 160 0 |  0 15 = 15
                 170 0 |  1  0 =  1
                 180 0 |  1  1 =  2
                 190 0 |  1  2 =  3
                 200 0 |  1  3 =  4
                 210 0 |  1  4 =  5
                 220 0 |  1  5 =  6
                 230 0 |  1  6 =  7
                 240 0 |  1  7 =  8
                 250 0 |  1  8 =  9
                 260 0 |  1  9 = 10
                 270 0 |  1 10 = 11
                 280 0 |  1 11 = 12
                 290 0 |  1 12 = 13
                 300 0 |  1 13 = 14
                 310 0 |  1 14 = 15
                 320 0 |  1 15 =  0
                 330 0 |  2  0 =  2
                 340 0 |  2  1 =  3
                 350 0 |  2  2 =  4
                 360 0 |  2  3 =  5
                 370 0 |  2  4 =  6
                 380 0 |  2  5 =  7
                 390 0 |  2  6 =  8
                 400 0 |  2  7 =  9
                 410 0 |  2  8 = 10
                 420 0 |  2  9 = 11
                 430 0 |  2 10 = 12
                 440 0 |  2 11 = 13
                 450 0 |  2 12 = 14
                 460 0 |  2 13 = 15
                 470 0 |  2 14 =  0
                 480 0 |  2 15 =  1
                 490 0 |  3  0 =  3
                 500 0 |  3  1 =  4
                 510 0 |  3  2 =  5
                 520 0 |  3  3 =  6
                 530 0 |  3  4 =  7
                 540 0 |  3  5 =  8
                 550 0 |  3  6 =  9
                 560 0 |  3  7 = 10
                 570 0 |  3  8 = 11
                 580 0 |  3  9 = 12
                 590 0 |  3 10 = 13
                 600 0 |  3 11 = 14
                 610 0 |  3 12 = 15
                 620 0 |  3 13 =  0
                 630 0 |  3 14 =  1
                 640 0 |  3 15 =  2
                 650 0 |  4  0 =  4
                 660 0 |  4  1 =  5
                 670 0 |  4  2 =  6
                 680 0 |  4  3 =  7
                 690 0 |  4  4 =  8
                 700 0 |  4  5 =  9
                 710 0 |  4  6 = 10
                 720 0 |  4  7 = 11
                 730 0 |  4  8 = 12
                 740 0 |  4  9 = 13
                 750 0 |  4 10 = 14
                 760 0 |  4 11 = 15
                 770 0 |  4 12 =  0
                 780 0 |  4 13 =  1
                 790 0 |  4 14 =  2
                 800 0 |  4 15 =  3
                 810 0 |  5  0 =  5
                 820 0 |  5  1 =  6
                 830 0 |  5  2 =  7
                 840 0 |  5  3 =  8
                 850 0 |  5  4 =  9
                 860 0 |  5  5 = 10
                 870 0 |  5  6 = 11
                 880 0 |  5  7 = 12
                 890 0 |  5  8 = 13
                 900 0 |  5  9 = 14
                 910 0 |  5 10 = 15
                 920 0 |  5 11 =  0
                 930 0 |  5 12 =  1
                 940 0 |  5 13 =  2
                 950 0 |  5 14 =  3
                 960 0 |  5 15 =  4
                 970 0 |  6  0 =  6
                 980 0 |  6  1 =  7
                 990 0 |  6  2 =  8
                1000 0 |  6  3 =  9
                1010 0 |  6  4 = 10
                1020 0 |  6  5 = 11
                1030 0 |  6  6 = 12
                1040 0 |  6  7 = 13
                1050 0 |  6  8 = 14
                1060 0 |  6  9 = 15
                1070 0 |  6 10 =  0
                1080 0 |  6 11 =  1
                1090 0 |  6 12 =  2
                1100 0 |  6 13 =  3
                1110 0 |  6 14 =  4
                1120 0 |  6 15 =  5
                1130 0 |  7  0 =  7
                1140 0 |  7  1 =  8
                1150 0 |  7  2 =  9
                1160 0 |  7  3 = 10
                1170 0 |  7  4 = 11
                1180 0 |  7  5 = 12
                1190 0 |  7  6 = 13
                1200 0 |  7  7 = 14
                1210 0 |  7  8 = 15
                1220 0 |  7  9 =  0
                1230 0 |  7 10 =  1
                1240 0 |  7 11 =  2
                1250 0 |  7 12 =  3
                1260 0 |  7 13 =  4
                1270 0 |  7 14 =  5
                1280 0 |  7 15 =  6
                1290 0 |  8  0 =  8
                1300 0 |  8  1 =  9
                1310 0 |  8  2 = 10
                1320 0 |  8  3 = 11
                1330 0 |  8  4 = 12
                1340 0 |  8  5 = 13
                1350 0 |  8  6 = 14
                1360 0 |  8  7 = 15
                1370 0 |  8  8 =  0
                1380 0 |  8  9 =  1
                1390 0 |  8 10 =  2
                1400 0 |  8 11 =  3
                1410 0 |  8 12 =  4
                1420 0 |  8 13 =  5
                1430 0 |  8 14 =  6
                1440 0 |  8 15 =  7
                1450 0 |  9  0 =  9
                1460 0 |  9  1 = 10
                1470 0 |  9  2 = 11
                1480 0 |  9  3 = 12
                1490 0 |  9  4 = 13
                1500 0 |  9  5 = 14
                1510 0 |  9  6 = 15
                1520 0 |  9  7 =  0
                1530 0 |  9  8 =  1
                1540 0 |  9  9 =  2
                1550 0 |  9 10 =  3
                1560 0 |  9 11 =  4
                1570 0 |  9 12 =  5
                1580 0 |  9 13 =  6
                1590 0 |  9 14 =  7
                1600 0 |  9 15 =  8
                1610 0 | 10  0 = 10
                1620 0 | 10  1 = 11
                1630 0 | 10  2 = 12
                1640 0 | 10  3 = 13
                1650 0 | 10  4 = 14
                1660 0 | 10  5 = 15
                1670 0 | 10  6 =  0
                1680 0 | 10  7 =  1
                1690 0 | 10  8 =  2
                1700 0 | 10  9 =  3
                1710 0 | 10 10 =  4
                1720 0 | 10 11 =  5
                1730 0 | 10 12 =  6
                1740 0 | 10 13 =  7
                1750 0 | 10 14 =  8
                1760 0 | 10 15 =  9
                1770 0 | 11  0 = 11
                1780 0 | 11  1 = 12
                1790 0 | 11  2 = 13
                1800 0 | 11  3 = 14
                1810 0 | 11  4 = 15
                1820 0 | 11  5 =  0
                1830 0 | 11  6 =  1
                1840 0 | 11  7 =  2
                1850 0 | 11  8 =  3
                1860 0 | 11  9 =  4
                1870 0 | 11 10 =  5
                1880 0 | 11 11 =  6
                1890 0 | 11 12 =  7
                1900 0 | 11 13 =  8
                1910 0 | 11 14 =  9
                1920 0 | 11 15 = 10
                1930 0 | 12  0 = 12
                1940 0 | 12  1 = 13
                1950 0 | 12  2 = 14
                1960 0 | 12  3 = 15
                1970 0 | 12  4 =  0
                1980 0 | 12  5 =  1
                1990 0 | 12  6 =  2
                2000 0 | 12  7 =  3
                2010 0 | 12  8 =  4
                2020 0 | 12  9 =  5
                2030 0 | 12 10 =  6
                2040 0 | 12 11 =  7
                2050 0 | 12 12 =  8
                2060 0 | 12 13 =  9
                2070 0 | 12 14 = 10
                2080 0 | 12 15 = 11
                2090 0 | 13  0 = 13
                2100 0 | 13  1 = 14
                2110 0 | 13  2 = 15
                2120 0 | 13  3 =  0
                2130 0 | 13  4 =  1
                2140 0 | 13  5 =  2
                2150 0 | 13  6 =  3
                2160 0 | 13  7 =  4
                2170 0 | 13  8 =  5
                2180 0 | 13  9 =  6
                2190 0 | 13 10 =  7
                2200 0 | 13 11 =  8
                2210 0 | 13 12 =  9
                2220 0 | 13 13 = 10
                2230 0 | 13 14 = 11
                2240 0 | 13 15 = 12
                2250 0 | 14  0 = 14
                2260 0 | 14  1 = 15
                2270 0 | 14  2 =  0
                2280 0 | 14  3 =  1
                2290 0 | 14  4 =  2
                2300 0 | 14  5 =  3
                2310 0 | 14  6 =  4
                2320 0 | 14  7 =  5
                2330 0 | 14  8 =  6
                2340 0 | 14  9 =  7
                2350 0 | 14 10 =  8
                2360 0 | 14 11 =  9
                2370 0 | 14 12 = 10
                2380 0 | 14 13 = 11
                2390 0 | 14 14 = 12
                2400 0 | 14 15 = 13
                2410 0 | 15  0 = 15
                2420 0 | 15  1 =  0
                2430 0 | 15  2 =  1
                2440 0 | 15  3 =  2
                2450 0 | 15  4 =  3
                2460 0 | 15  5 =  4
                2470 0 | 15  6 =  5
                2480 0 | 15  7 =  6
                2490 0 | 15  8 =  7
                2500 0 | 15  9 =  8
                2510 0 | 15 10 =  9
                2520 0 | 15 11 = 10
                2530 0 | 15 12 = 11
                2540 0 | 15 13 = 12
                2550 0 | 15 14 = 13
                2560 0 | 15 15 = 14
                2570 1 |  0  0 =  0
                2580 1 |  0  1 =  1
                2590 1 |  0  2 =  2
                2600 1 |  0  3 =  3
                2610 1 |  0  4 =  4
                2620 1 |  0  5 =  5
                2630 1 |  0  6 =  6
                2640 1 |  0  7 =  7
                2650 1 |  0  8 =  8
                2660 1 |  0  9 =  9
                2670 1 |  0 10 = 10
                2680 1 |  0 11 = 11
                2690 1 |  0 12 = 12
                2700 1 |  0 13 = 13
                2710 1 |  0 14 = 14
                2720 1 |  0 15 = 15
                2730 1 |  1  0 =  1
                2740 1 |  1  1 =  2
                2750 1 |  1  2 =  3
                2760 1 |  1  3 =  4
                2770 1 |  1  4 =  5
                2780 1 |  1  5 =  6
                2790 1 |  1  6 =  7
                2800 1 |  1  7 =  8
                2810 1 |  1  8 =  9
                2820 1 |  1  9 = 10
                2830 1 |  1 10 = 11
                2840 1 |  1 11 = 12
                2850 1 |  1 12 = 13
                2860 1 |  1 13 = 14
                2870 1 |  1 14 = 15
                2880 1 |  1 15 =  0
                2890 1 |  2  0 =  2
                2900 1 |  2  1 =  3
                2910 1 |  2  2 =  4
                2920 1 |  2  3 =  5
                2930 1 |  2  4 =  6
                2940 1 |  2  5 =  7
                2950 1 |  2  6 =  8
                2960 1 |  2  7 =  9
                2970 1 |  2  8 = 10
                2980 1 |  2  9 = 11
                2990 1 |  2 10 = 12
                3000 1 |  2 11 = 13
                3010 1 |  2 12 = 14
                3020 1 |  2 13 = 15
                3030 1 |  2 14 =  0
                3040 1 |  2 15 =  1
                3050 1 |  3  0 =  3
                3060 1 |  3  1 =  4
                3070 1 |  3  2 =  5
                3080 1 |  3  3 =  6
                3090 1 |  3  4 =  7
                3100 1 |  3  5 =  8
                3110 1 |  3  6 =  9
                3120 1 |  3  7 = 10
                3130 1 |  3  8 = 11
                3140 1 |  3  9 = 12
                3150 1 |  3 10 = 13
                3160 1 |  3 11 = 14
                3170 1 |  3 12 = 15
                3180 1 |  3 13 =  0
                3190 1 |  3 14 =  1
                3200 1 |  3 15 =  2
                3210 1 |  4  0 =  4
                3220 1 |  4  1 =  5
                3230 1 |  4  2 =  6
                3240 1 |  4  3 =  7
                3250 1 |  4  4 =  8
                3260 1 |  4  5 =  9
                3270 1 |  4  6 = 10
                3280 1 |  4  7 = 11
                3290 1 |  4  8 = 12
                3300 1 |  4  9 = 13
                3310 1 |  4 10 = 14
                3320 1 |  4 11 = 15
                3330 1 |  4 12 =  0
                3340 1 |  4 13 =  1
                3350 1 |  4 14 =  2
                3360 1 |  4 15 =  3
                3370 1 |  5  0 =  5
                3380 1 |  5  1 =  6
                3390 1 |  5  2 =  7
                3400 1 |  5  3 =  8
                3410 1 |  5  4 =  9
                3420 1 |  5  5 = 10
                3430 1 |  5  6 = 11
                3440 1 |  5  7 = 12
                3450 1 |  5  8 = 13
                3460 1 |  5  9 = 14
                3470 1 |  5 10 = 15
                3480 1 |  5 11 =  0
                3490 1 |  5 12 =  1
                3500 1 |  5 13 =  2
                3510 1 |  5 14 =  3
                3520 1 |  5 15 =  4
                3530 1 |  6  0 =  6
                3540 1 |  6  1 =  7
                3550 1 |  6  2 =  8
                3560 1 |  6  3 =  9
                3570 1 |  6  4 = 10
                3580 1 |  6  5 = 11
                3590 1 |  6  6 = 12
                3600 1 |  6  7 = 13
                3610 1 |  6  8 = 14
                3620 1 |  6  9 = 15
                3630 1 |  6 10 =  0
                3640 1 |  6 11 =  1
                3650 1 |  6 12 =  2
                3660 1 |  6 13 =  3
                3670 1 |  6 14 =  4
                3680 1 |  6 15 =  5
                3690 1 |  7  0 =  7
                3700 1 |  7  1 =  8
                3710 1 |  7  2 =  9
                3720 1 |  7  3 = 10
                3730 1 |  7  4 = 11
                3740 1 |  7  5 = 12
                3750 1 |  7  6 = 13
                3760 1 |  7  7 = 14
                3770 1 |  7  8 = 15
                3780 1 |  7  9 =  0
                3790 1 |  7 10 =  1
                3800 1 |  7 11 =  2
                3810 1 |  7 12 =  3
                3820 1 |  7 13 =  4
                3830 1 |  7 14 =  5
                3840 1 |  7 15 =  6
                3850 1 |  8  0 =  8
                3860 1 |  8  1 =  9
                3870 1 |  8  2 = 10
                3880 1 |  8  3 = 11
                3890 1 |  8  4 = 12
                3900 1 |  8  5 = 13
                3910 1 |  8  6 = 14
                3920 1 |  8  7 = 15
                3930 1 |  8  8 =  0
                3940 1 |  8  9 =  1
                3950 1 |  8 10 =  2
                3960 1 |  8 11 =  3
                3970 1 |  8 12 =  4
                3980 1 |  8 13 =  5
                3990 1 |  8 14 =  6
                4000 1 |  8 15 =  7
                4010 1 |  9  0 =  9
                4020 1 |  9  1 = 10
                4030 1 |  9  2 = 11
                4040 1 |  9  3 = 12
                4050 1 |  9  4 = 13
                4060 1 |  9  5 = 14
                4070 1 |  9  6 = 15
                4080 1 |  9  7 =  0
                4090 1 |  9  8 =  1
                4100 1 |  9  9 =  2
                4110 1 |  9 10 =  3
                4120 1 |  9 11 =  4
                4130 1 |  9 12 =  5
                4140 1 |  9 13 =  6
                4150 1 |  9 14 =  7
                4160 1 |  9 15 =  8
                4170 1 | 10  0 = 10
                4180 1 | 10  1 = 11
                4190 1 | 10  2 = 12
                4200 1 | 10  3 = 13
                4210 1 | 10  4 = 14
                4220 1 | 10  5 = 15
                4230 1 | 10  6 =  0
                4240 1 | 10  7 =  1
                4250 1 | 10  8 =  2
                4260 1 | 10  9 =  3
                4270 1 | 10 10 =  4
                4280 1 | 10 11 =  5
                4290 1 | 10 12 =  6
                4300 1 | 10 13 =  7
                4310 1 | 10 14 =  8
                4320 1 | 10 15 =  9
                4330 1 | 11  0 = 11
                4340 1 | 11  1 = 12
                4350 1 | 11  2 = 13
                4360 1 | 11  3 = 14
                4370 1 | 11  4 = 15
                4380 1 | 11  5 =  0
                4390 1 | 11  6 =  1
                4400 1 | 11  7 =  2
                4410 1 | 11  8 =  3
                4420 1 | 11  9 =  4
                4430 1 | 11 10 =  5
                4440 1 | 11 11 =  6
                4450 1 | 11 12 =  7
                4460 1 | 11 13 =  8
                4470 1 | 11 14 =  9
                4480 1 | 11 15 = 10
                4490 1 | 12  0 = 12
                4500 1 | 12  1 = 13
                4510 1 | 12  2 = 14
                4520 1 | 12  3 = 15
                4530 1 | 12  4 =  0
                4540 1 | 12  5 =  1
                4550 1 | 12  6 =  2
                4560 1 | 12  7 =  3
                4570 1 | 12  8 =  4
                4580 1 | 12  9 =  5
                4590 1 | 12 10 =  6
                4600 1 | 12 11 =  7
                4610 1 | 12 12 =  8
                4620 1 | 12 13 =  9
                4630 1 | 12 14 = 10
                4640 1 | 12 15 = 11
                4650 1 | 13  0 = 13
                4660 1 | 13  1 = 14
                4670 1 | 13  2 = 15
                4680 1 | 13  3 =  0
                4690 1 | 13  4 =  1
                4700 1 | 13  5 =  2
                4710 1 | 13  6 =  3
                4720 1 | 13  7 =  4
                4730 1 | 13  8 =  5
                4740 1 | 13  9 =  6
                4750 1 | 13 10 =  7
                4760 1 | 13 11 =  8
                4770 1 | 13 12 =  9
                4780 1 | 13 13 = 10
                4790 1 | 13 14 = 11
                4800 1 | 13 15 = 12
                4810 1 | 14  0 = 14
                4820 1 | 14  1 = 15
                4830 1 | 14  2 =  0
                4840 1 | 14  3 =  1
                4850 1 | 14  4 =  2
                4860 1 | 14  5 =  3
                4870 1 | 14  6 =  4
                4880 1 | 14  7 =  5
                4890 1 | 14  8 =  6
                4900 1 | 14  9 =  7
                4910 1 | 14 10 =  8
                4920 1 | 14 11 =  9
                4930 1 | 14 12 = 10
                4940 1 | 14 13 = 11
                4950 1 | 14 14 = 12
                4960 1 | 14 15 = 13
                4970 1 | 15  0 = 15
                4980 1 | 15  1 =  0
                4990 1 | 15  2 =  1
                5000 1 | 15  3 =  2
                5010 1 | 15  4 =  3
                5020 1 | 15  5 =  4
                5030 1 | 15  6 =  5
                5040 1 | 15  7 =  6
                5050 1 | 15  8 =  7
                5060 1 | 15  9 =  8
                5070 1 | 15 10 =  9
                5080 1 | 15 11 = 10
                5090 1 | 15 12 = 11
                5100 1 | 15 13 = 12
                5110 1 | 15 14 = 13
                5120 1 | 15 15 = 14
                5130 2 |  0  0 =  0
                5140 2 |  0  1 =  1
                5150 2 |  0  2 =  2
                5160 2 |  0  3 =  3
                5170 2 |  0  4 =  4
                5180 2 |  0  5 =  5
                5190 2 |  0  6 =  6
                5200 2 |  0  7 =  7
                5210 2 |  0  8 =  8
                5220 2 |  0  9 =  9
                5230 2 |  0 10 = 10
                5240 2 |  0 11 = 11
                5250 2 |  0 12 = 12
                5260 2 |  0 13 = 13
                5270 2 |  0 14 = 14
                5280 2 |  0 15 = 15
                5290 2 |  1  0 =  1
                5300 2 |  1  1 =  2
                5310 2 |  1  2 =  3
                5320 2 |  1  3 =  4
                5330 2 |  1  4 =  5
                5340 2 |  1  5 =  6
                5350 2 |  1  6 =  7
                5360 2 |  1  7 =  8
                5370 2 |  1  8 =  9
                5380 2 |  1  9 = 10
                5390 2 |  1 10 = 11
                5400 2 |  1 11 = 12
                5410 2 |  1 12 = 13
                5420 2 |  1 13 = 14
                5430 2 |  1 14 = 15
                5440 2 |  1 15 =  0
                5450 2 |  2  0 =  2
                5460 2 |  2  1 =  3
                5470 2 |  2  2 =  4
                5480 2 |  2  3 =  5
                5490 2 |  2  4 =  6
                5500 2 |  2  5 =  7
                5510 2 |  2  6 =  8
                5520 2 |  2  7 =  9
                5530 2 |  2  8 = 10
                5540 2 |  2  9 = 11
                5550 2 |  2 10 = 12
                5560 2 |  2 11 = 13
                5570 2 |  2 12 = 14
                5580 2 |  2 13 = 15
                5590 2 |  2 14 =  0
                5600 2 |  2 15 =  1
                5610 2 |  3  0 =  3
                5620 2 |  3  1 =  4
                5630 2 |  3  2 =  5
                5640 2 |  3  3 =  6
                5650 2 |  3  4 =  7
                5660 2 |  3  5 =  8
                5670 2 |  3  6 =  9
                5680 2 |  3  7 = 10
                5690 2 |  3  8 = 11
                5700 2 |  3  9 = 12
                5710 2 |  3 10 = 13
                5720 2 |  3 11 = 14
                5730 2 |  3 12 = 15
                5740 2 |  3 13 =  0
                5750 2 |  3 14 =  1
                5760 2 |  3 15 =  2
                5770 2 |  4  0 =  4
                5780 2 |  4  1 =  5
                5790 2 |  4  2 =  6
                5800 2 |  4  3 =  7
                5810 2 |  4  4 =  8
                5820 2 |  4  5 =  9
                5830 2 |  4  6 = 10
                5840 2 |  4  7 = 11
                5850 2 |  4  8 = 12
                5860 2 |  4  9 = 13
                5870 2 |  4 10 = 14
                5880 2 |  4 11 = 15
                5890 2 |  4 12 =  0
                5900 2 |  4 13 =  1
                5910 2 |  4 14 =  2
                5920 2 |  4 15 =  3
                5930 2 |  5  0 =  5
                5940 2 |  5  1 =  6
                5950 2 |  5  2 =  7
                5960 2 |  5  3 =  8
                5970 2 |  5  4 =  9
                5980 2 |  5  5 = 10
                5990 2 |  5  6 = 11
                6000 2 |  5  7 = 12
                6010 2 |  5  8 = 13
                6020 2 |  5  9 = 14
                6030 2 |  5 10 = 15
                6040 2 |  5 11 =  0
                6050 2 |  5 12 =  1
                6060 2 |  5 13 =  2
                6070 2 |  5 14 =  3
                6080 2 |  5 15 =  4
                6090 2 |  6  0 =  6
                6100 2 |  6  1 =  7
                6110 2 |  6  2 =  8
                6120 2 |  6  3 =  9
                6130 2 |  6  4 = 10
                6140 2 |  6  5 = 11
                6150 2 |  6  6 = 12
                6160 2 |  6  7 = 13
                6170 2 |  6  8 = 14
                6180 2 |  6  9 = 15
                6190 2 |  6 10 =  0
                6200 2 |  6 11 =  1
                6210 2 |  6 12 =  2
                6220 2 |  6 13 =  3
                6230 2 |  6 14 =  4
                6240 2 |  6 15 =  5
                6250 2 |  7  0 =  7
                6260 2 |  7  1 =  8
                6270 2 |  7  2 =  9
                6280 2 |  7  3 = 10
                6290 2 |  7  4 = 11
                6300 2 |  7  5 = 12
                6310 2 |  7  6 = 13
                6320 2 |  7  7 = 14
                6330 2 |  7  8 = 15
                6340 2 |  7  9 =  0
                6350 2 |  7 10 =  1
                6360 2 |  7 11 =  2
                6370 2 |  7 12 =  3
                6380 2 |  7 13 =  4
                6390 2 |  7 14 =  5
                6400 2 |  7 15 =  6
                6410 2 |  8  0 =  8
                6420 2 |  8  1 =  9
                6430 2 |  8  2 = 10
                6440 2 |  8  3 = 11
                6450 2 |  8  4 = 12
                6460 2 |  8  5 = 13
                6470 2 |  8  6 = 14
                6480 2 |  8  7 = 15
                6490 2 |  8  8 =  0
                6500 2 |  8  9 =  1
                6510 2 |  8 10 =  2
                6520 2 |  8 11 =  3
                6530 2 |  8 12 =  4
                6540 2 |  8 13 =  5
                6550 2 |  8 14 =  6
                6560 2 |  8 15 =  7
                6570 2 |  9  0 =  9
                6580 2 |  9  1 = 10
                6590 2 |  9  2 = 11
                6600 2 |  9  3 = 12
                6610 2 |  9  4 = 13
                6620 2 |  9  5 = 14
                6630 2 |  9  6 = 15
                6640 2 |  9  7 =  0
                6650 2 |  9  8 =  1
                6660 2 |  9  9 =  2
                6670 2 |  9 10 =  3
                6680 2 |  9 11 =  4
                6690 2 |  9 12 =  5
                6700 2 |  9 13 =  6
                6710 2 |  9 14 =  7
                6720 2 |  9 15 =  8
                6730 2 | 10  0 = 10
                6740 2 | 10  1 = 11
                6750 2 | 10  2 = 12
                6760 2 | 10  3 = 13
                6770 2 | 10  4 = 14
                6780 2 | 10  5 = 15
                6790 2 | 10  6 =  0
                6800 2 | 10  7 =  1
                6810 2 | 10  8 =  2
                6820 2 | 10  9 =  3
                6830 2 | 10 10 =  4
                6840 2 | 10 11 =  5
                6850 2 | 10 12 =  6
                6860 2 | 10 13 =  7
                6870 2 | 10 14 =  8
                6880 2 | 10 15 =  9
                6890 2 | 11  0 = 11
                6900 2 | 11  1 = 12
                6910 2 | 11  2 = 13
                6920 2 | 11  3 = 14
                6930 2 | 11  4 = 15
                6940 2 | 11  5 =  0
                6950 2 | 11  6 =  1
                6960 2 | 11  7 =  2
                6970 2 | 11  8 =  3
                6980 2 | 11  9 =  4
                6990 2 | 11 10 =  5
                7000 2 | 11 11 =  6
                7010 2 | 11 12 =  7
                7020 2 | 11 13 =  8
                7030 2 | 11 14 =  9
                7040 2 | 11 15 = 10
                7050 2 | 12  0 = 12
                7060 2 | 12  1 = 13
                7070 2 | 12  2 = 14
                7080 2 | 12  3 = 15
                7090 2 | 12  4 =  0
                7100 2 | 12  5 =  1
                7110 2 | 12  6 =  2
                7120 2 | 12  7 =  3
                7130 2 | 12  8 =  4
                7140 2 | 12  9 =  5
                7150 2 | 12 10 =  6
                7160 2 | 12 11 =  7
                7170 2 | 12 12 =  8
                7180 2 | 12 13 =  9
                7190 2 | 12 14 = 10
                7200 2 | 12 15 = 11
                7210 2 | 13  0 = 13
                7220 2 | 13  1 = 14
                7230 2 | 13  2 = 15
                7240 2 | 13  3 =  0
                7250 2 | 13  4 =  1
                7260 2 | 13  5 =  2
                7270 2 | 13  6 =  3
                7280 2 | 13  7 =  4
                7290 2 | 13  8 =  5
                7300 2 | 13  9 =  6
                7310 2 | 13 10 =  7
                7320 2 | 13 11 =  8
                7330 2 | 13 12 =  9
                7340 2 | 13 13 = 10
                7350 2 | 13 14 = 11
                7360 2 | 13 15 = 12
                7370 2 | 14  0 = 14
                7380 2 | 14  1 = 15
                7390 2 | 14  2 =  0
                7400 2 | 14  3 =  1
                7410 2 | 14  4 =  2
                7420 2 | 14  5 =  3
                7430 2 | 14  6 =  4
                7440 2 | 14  7 =  5
                7450 2 | 14  8 =  6
                7460 2 | 14  9 =  7
                7470 2 | 14 10 =  8
                7480 2 | 14 11 =  9
                7490 2 | 14 12 = 10
                7500 2 | 14 13 = 11
                7510 2 | 14 14 = 12
                7520 2 | 14 15 = 13
                7530 2 | 15  0 = 15
                7540 2 | 15  1 =  0
                7550 2 | 15  2 =  1
                7560 2 | 15  3 =  2
                7570 2 | 15  4 =  3
                7580 2 | 15  5 =  4
                7590 2 | 15  6 =  5
                7600 2 | 15  7 =  6
                7610 2 | 15  8 =  7
                7620 2 | 15  9 =  8
                7630 2 | 15 10 =  9
                7640 2 | 15 11 = 10
                7650 2 | 15 12 = 11
                7660 2 | 15 13 = 12
                7670 2 | 15 14 = 13
                7680 2 | 15 15 = 14
                7690 3 |  0  0 =  0
                7700 3 |  0  1 =  1
                7710 3 |  0  2 =  2
                7720 3 |  0  3 =  3
                7730 3 |  0  4 =  4
                7740 3 |  0  5 =  5
                7750 3 |  0  6 =  6
                7760 3 |  0  7 =  7
                7770 3 |  0  8 =  8
                7780 3 |  0  9 =  9
                7790 3 |  0 10 = 10
                7800 3 |  0 11 = 11
                7810 3 |  0 12 = 12
                7820 3 |  0 13 = 13
                7830 3 |  0 14 = 14
                7840 3 |  0 15 = 15
                7850 3 |  1  0 =  1
                7860 3 |  1  1 =  2
                7870 3 |  1  2 =  3
                7880 3 |  1  3 =  4
                7890 3 |  1  4 =  5
                7900 3 |  1  5 =  6
                7910 3 |  1  6 =  7
                7920 3 |  1  7 =  8
                7930 3 |  1  8 =  9
                7940 3 |  1  9 = 10
                7950 3 |  1 10 = 11
                7960 3 |  1 11 = 12
                7970 3 |  1 12 = 13
                7980 3 |  1 13 = 14
                7990 3 |  1 14 = 15
                8000 3 |  1 15 =  0
                8010 3 |  2  0 =  2
                8020 3 |  2  1 =  3
                8030 3 |  2  2 =  4
                8040 3 |  2  3 =  5
                8050 3 |  2  4 =  6
                8060 3 |  2  5 =  7
                8070 3 |  2  6 =  8
                8080 3 |  2  7 =  9
                8090 3 |  2  8 = 10
                8100 3 |  2  9 = 11
                8110 3 |  2 10 = 12
                8120 3 |  2 11 = 13
                8130 3 |  2 12 = 14
                8140 3 |  2 13 = 15
                8150 3 |  2 14 =  0
                8160 3 |  2 15 =  1
                8170 3 |  3  0 =  3
                8180 3 |  3  1 =  4
                8190 3 |  3  2 =  5
                8200 3 |  3  3 =  6
                8210 3 |  3  4 =  7
                8220 3 |  3  5 =  8
                8230 3 |  3  6 =  9
                8240 3 |  3  7 = 10
                8250 3 |  3  8 = 11
                8260 3 |  3  9 = 12
                8270 3 |  3 10 = 13
                8280 3 |  3 11 = 14
                8290 3 |  3 12 = 15
                8300 3 |  3 13 =  0
                8310 3 |  3 14 =  1
                8320 3 |  3 15 =  2
                8330 3 |  4  0 =  4
                8340 3 |  4  1 =  5
                8350 3 |  4  2 =  6
                8360 3 |  4  3 =  7
                8370 3 |  4  4 =  8
                8380 3 |  4  5 =  9
                8390 3 |  4  6 = 10
                8400 3 |  4  7 = 11
                8410 3 |  4  8 = 12
                8420 3 |  4  9 = 13
                8430 3 |  4 10 = 14
                8440 3 |  4 11 = 15
                8450 3 |  4 12 =  0
                8460 3 |  4 13 =  1
                8470 3 |  4 14 =  2
                8480 3 |  4 15 =  3
                8490 3 |  5  0 =  5
                8500 3 |  5  1 =  6
                8510 3 |  5  2 =  7
                8520 3 |  5  3 =  8
                8530 3 |  5  4 =  9
                8540 3 |  5  5 = 10
                8550 3 |  5  6 = 11
                8560 3 |  5  7 = 12
                8570 3 |  5  8 = 13
                8580 3 |  5  9 = 14
                8590 3 |  5 10 = 15
                8600 3 |  5 11 =  0
                8610 3 |  5 12 =  1
                8620 3 |  5 13 =  2
                8630 3 |  5 14 =  3
                8640 3 |  5 15 =  4
                8650 3 |  6  0 =  6
                8660 3 |  6  1 =  7
                8670 3 |  6  2 =  8
                8680 3 |  6  3 =  9
                8690 3 |  6  4 = 10
                8700 3 |  6  5 = 11
                8710 3 |  6  6 = 12
                8720 3 |  6  7 = 13
                8730 3 |  6  8 = 14
                8740 3 |  6  9 = 15
                8750 3 |  6 10 =  0
                8760 3 |  6 11 =  1
                8770 3 |  6 12 =  2
                8780 3 |  6 13 =  3
                8790 3 |  6 14 =  4
                8800 3 |  6 15 =  5
                8810 3 |  7  0 =  7
                8820 3 |  7  1 =  8
                8830 3 |  7  2 =  9
                8840 3 |  7  3 = 10
                8850 3 |  7  4 = 11
                8860 3 |  7  5 = 12
                8870 3 |  7  6 = 13
                8880 3 |  7  7 = 14
                8890 3 |  7  8 = 15
                8900 3 |  7  9 =  0
                8910 3 |  7 10 =  1
                8920 3 |  7 11 =  2
                8930 3 |  7 12 =  3
                8940 3 |  7 13 =  4
                8950 3 |  7 14 =  5
                8960 3 |  7 15 =  6
                8970 3 |  8  0 =  8
                8980 3 |  8  1 =  9
                8990 3 |  8  2 = 10
                9000 3 |  8  3 = 11
                9010 3 |  8  4 = 12
                9020 3 |  8  5 = 13
                9030 3 |  8  6 = 14
                9040 3 |  8  7 = 15
                9050 3 |  8  8 =  0
                9060 3 |  8  9 =  1
                9070 3 |  8 10 =  2
                9080 3 |  8 11 =  3
                9090 3 |  8 12 =  4
                9100 3 |  8 13 =  5
                9110 3 |  8 14 =  6
                9120 3 |  8 15 =  7
                9130 3 |  9  0 =  9
                9140 3 |  9  1 = 10
                9150 3 |  9  2 = 11
                9160 3 |  9  3 = 12
                9170 3 |  9  4 = 13
                9180 3 |  9  5 = 14
                9190 3 |  9  6 = 15
                9200 3 |  9  7 =  0
                9210 3 |  9  8 =  1
                9220 3 |  9  9 =  2
                9230 3 |  9 10 =  3
                9240 3 |  9 11 =  4
                9250 3 |  9 12 =  5
                9260 3 |  9 13 =  6
                9270 3 |  9 14 =  7
                9280 3 |  9 15 =  8
                9290 3 | 10  0 = 10
                9300 3 | 10  1 = 11
                9310 3 | 10  2 = 12
                9320 3 | 10  3 = 13
                9330 3 | 10  4 = 14
                9340 3 | 10  5 = 15
                9350 3 | 10  6 =  0
                9360 3 | 10  7 =  1
                9370 3 | 10  8 =  2
                9380 3 | 10  9 =  3
                9390 3 | 10 10 =  4
                9400 3 | 10 11 =  5
                9410 3 | 10 12 =  6
                9420 3 | 10 13 =  7
                9430 3 | 10 14 =  8
                9440 3 | 10 15 =  9
                9450 3 | 11  0 = 11
                9460 3 | 11  1 = 12
                9470 3 | 11  2 = 13
                9480 3 | 11  3 = 14
                9490 3 | 11  4 = 15
                9500 3 | 11  5 =  0
                9510 3 | 11  6 =  1
                9520 3 | 11  7 =  2
                9530 3 | 11  8 =  3
                9540 3 | 11  9 =  4
                9550 3 | 11 10 =  5
                9560 3 | 11 11 =  6
                9570 3 | 11 12 =  7
                9580 3 | 11 13 =  8
                9590 3 | 11 14 =  9
                9600 3 | 11 15 = 10
                9610 3 | 12  0 = 12
                9620 3 | 12  1 = 13
                9630 3 | 12  2 = 14
                9640 3 | 12  3 = 15
                9650 3 | 12  4 =  0
                9660 3 | 12  5 =  1
                9670 3 | 12  6 =  2
                9680 3 | 12  7 =  3
                9690 3 | 12  8 =  4
                9700 3 | 12  9 =  5
                9710 3 | 12 10 =  6
                9720 3 | 12 11 =  7
                9730 3 | 12 12 =  8
                9740 3 | 12 13 =  9
                9750 3 | 12 14 = 10
                9760 3 | 12 15 = 11
                9770 3 | 13  0 = 13
                9780 3 | 13  1 = 14
                9790 3 | 13  2 = 15
                9800 3 | 13  3 =  0
                9810 3 | 13  4 =  1
                9820 3 | 13  5 =  2
                9830 3 | 13  6 =  3
                9840 3 | 13  7 =  4
                9850 3 | 13  8 =  5
                9860 3 | 13  9 =  6
                9870 3 | 13 10 =  7
                9880 3 | 13 11 =  8
                9890 3 | 13 12 =  9
                9900 3 | 13 13 = 10
                9910 3 | 13 14 = 11
                9920 3 | 13 15 = 12
                9930 3 | 14  0 = 14
                9940 3 | 14  1 = 15
                9950 3 | 14  2 =  0
                9960 3 | 14  3 =  1
                9970 3 | 14  4 =  2
                9980 3 | 14  5 =  3
                9990 3 | 14  6 =  4
               10000 3 | 14  7 =  5
               10010 3 | 14  8 =  6
               10020 3 | 14  9 =  7
               10030 3 | 14 10 =  8
               10040 3 | 14 11 =  9
               10050 3 | 14 12 = 10
               10060 3 | 14 13 = 11
               10070 3 | 14 14 = 12
               10080 3 | 14 15 = 13
               10090 3 | 15  0 = 15
               10100 3 | 15  1 =  0
               10110 3 | 15  2 =  1
               10120 3 | 15  3 =  2
               10130 3 | 15  4 =  3
               10140 3 | 15  5 =  4
               10150 3 | 15  6 =  5
               10160 3 | 15  7 =  6
               10170 3 | 15  8 =  7
               10180 3 | 15  9 =  8
               10190 3 | 15 10 =  9
               10200 3 | 15 11 = 10
               10210 3 | 15 12 = 11
               10220 3 | 15 13 = 12
               10230 3 | 15 14 = 13
               10240 3 | 15 15 = 14
2.8.v:32: $finish called at 10250 (1s)
